13110541001
13110541002
13110541003
13110541004
13110541005
13110541006
13110541007
13110541008
13110541009
13110541010
13110541011
13110541012
13110541013
13110541014
13110541015
13110541016
13110541017
13110541018
13110541019
13110541020
13110541021
13110541022
13110541023
13110541024
13110541025
13110541026
13110541027
13110541028
13110541029
13110541030
13110541031
13110541032
13110541033
13110541034
13110541035
13110541036
13110541037
13110541038
13110541039
13110541040
13110541041
13110541042
13110541043
13110541044
13110541045
13110541046
13110541047
13110541048
13110541049
13110541050
13110541051
13110541052
13110541053
13110541054
13110541055
13110541056
13110541057
13110541058
13110541059
13110541060
13110541061
13110541062
13110541063
13110541064
13110541065
13110541066
13110541067
13110541068
13110541069
13110541070
13110541071
13110541072
13110541073
13110541074
13110541075
13110541076
13110541077
13110541078
13110541079
13110541080
13110541081
13110541082
13110541083
13110541084
13110541085
13110541086
13110541087
13110541088
13110541089
13110541090
13110541091
13110541092
13110541093
13110541094
13110541095
13110541096
13110541097
13110541098
13110541099
13110541100
